ans =

   0.99987
   0.99973
   0.99971
   0.99987
   0.99851
   0.99850
   0.99856
   0.99995
   0.99947
   0.99992
   0.99902
   0.99902
   0.99966
   0.99971
   0.99824
   0.99997
   0.99991
   0.99983
   0.99928
   0.99974
   0.99990
   0.99953
   0.99923
   0.99989
   0.99995
   0.99970
   0.99995
   0.99979
   0.99999
   0.99955
   0.99913
   0.99968
   0.99933
   0.99899
   0.99947
   0.99978
   0.99891
   0.99978
   0.99982
   0.99943
   0.99993
   0.99995
   0.99855
   0.99940
   0.99944
   0.99949
   0.99960
   0.99994
   0.99962
   0.99863
   0.99980
   0.99989
   0.99961
   0.99983
   0.99912
   0.99986
   0.99964
   0.99944
   0.99976
   0.99963
   0.99957
   1.00000
   0.99955
   0.99999
   0.99933
   0.99988
   0.99958
   0.99936
   0.99916
   0.99942
   0.99955
   0.99724
   0.99927
   0.99997
   0.99932
   0.99980
   0.99992
   0.99976
   0.99936
   0.99995
   0.99962
   0.99982
   0.99989
   0.99831
   0.99931
   0.99987
   0.99944
   0.99939
   0.99966
   0.99977
   0.99994
   0.99950
   0.99962
   0.99846
   0.99992
   0.99906
   0.99884
   0.99960
   0.99954
   0.99846
   0.99958
   0.99946
   0.99939
   0.99966
   0.99959
   0.99966
   0.99908
   0.99848
   0.99986
   0.99922
   0.99919
   0.99934
   0.99985
   0.99894
   0.99996
   0.99948
   0.99999
   0.99902
   0.99953
   0.99988
   0.99974
   0.99970
   0.99954
   0.99981
   0.99979
   0.99991
   0.99902
   0.99948
   0.99951
   0.99987
   0.99958
   0.99997
   0.99976
   0.99934
   0.99942
   0.99990
   0.99927
   0.99994
   0.99941
   0.99872
   0.99969
   0.99990
   0.99983
   0.99982
   0.99992
   0.99969
   0.99986
   0.99830
   0.99985
   0.99997
   0.99945
   0.99893
   0.99962
   0.99985
   0.99989
   0.99988
   0.99955
   0.99999
   0.99957
   0.99849
   0.99944
   0.99994
   0.99994
   0.99990
   0.99990
   0.99974
   0.99974
   0.99995
   0.99981
   0.99927
   0.99835
   0.99977
   0.99964
   0.99982
   0.99980
   0.99873
   0.99968
   0.99938
   0.99960
   0.99973
   0.99842
   0.99894
   0.99757
   0.99959
   0.99960
   0.99990
   0.99979
   0.99981
   0.99833
   0.99960
   0.99991
   0.99986
   0.99852
   1.00000
   0.99994
   0.99947
   0.99937
   0.99961
   0.99906
   0.99977
   0.99977
   0.99957
   0.99926
   0.99993
   0.99952
   0.99995
   0.99998
   0.99981
   0.99982
   0.99969
   0.99990
   0.99987
   0.99930
   0.99933
   0.99738
   0.99931
   0.99997
   0.99967
   0.99872
   0.99894
   0.99963
   0.99994
   0.99992
   0.99949
   0.99986
   0.99980
   0.99954
   0.99970
   0.99946
   0.99998
   0.99977
   0.99946
   0.99878
   0.99967
   0.99947
   0.99980
   0.99816
   0.99953
   0.99996
   0.99996
   0.99985
   0.99999
   0.99952
   0.99981
   0.99993
   0.99995
   0.99731
   0.99926
   0.99968
   0.99972
   0.99999
   0.99997
   0.99981
   0.99967
   0.99987
   0.99938
   0.99966
   0.99964
   0.99844
   0.99992
   0.99941
   0.99998
   0.99988
   1.00000
   0.99944
   0.99984
   0.99899
   0.99994
   1.00000
   0.99972
   0.99989
   0.99989
   0.99959
   0.99911
   0.99948
   0.99998
   0.99852
   0.99999
   0.99966
   0.99878
   0.99995
   0.99933
   0.99976
   0.99989
   0.99946
   0.99983
   0.99789
   0.99954
   0.99934
   0.99974
   0.99971
   0.99986
   0.99879
   0.99910
   0.99997
   0.99928
   0.99995
   0.99953
   0.99900
   0.99877
   0.99993
   0.99988
   0.99964
   0.99907
   0.99965
   0.99782
   0.99787
   0.99963
   0.99992
   0.99897
   0.99987
   0.99924
   0.99974
   0.99932
   0.99828
   0.99997
   0.99952
   0.99962
   0.99976
   0.99966
   0.99897
   0.99990
   0.99885
   0.99950
   0.99931
   0.99890
   0.99917
   0.99987
   0.99971
   0.99999
   0.99969
   0.99987
   0.99929
   0.99974
   0.99994
   0.99941
   0.99981
   0.99999
   0.99999
   0.99996
   0.99945
   0.99981
   0.99999
   0.99965
   0.99950
   0.99968
   0.99867
   0.99961
   0.99949
   0.99993
   0.99986
   0.99971
   0.99866
   0.99922
   0.99862
   0.99972
   0.99998
   0.99788
   0.99935
   0.99931
   0.99922
   0.99993
   0.99995
   0.99890
   0.99992
   0.99969
   0.99981
   0.99747
   0.99969
   0.99983
   0.99957
   0.99985
   0.99960
   0.99973
   0.99932
   0.99868
   0.99929
   0.99994
   0.99828
   0.99992
   0.99983
   0.99968
   0.99965
   0.99825
   0.99984
   0.99985
   0.99983
   0.99951
   0.99951
   0.99983
   0.99982
   0.99982
   0.99959
   0.99993
   0.99951
   0.99948
   0.99942
   0.99991
   0.99941
   0.99974
   0.99951
   0.99951
   0.99992
   0.99923
   0.99950
   0.99945
   0.99990
   0.99990
   0.99928
   0.99945
   0.99880
   0.99986
   0.99982
   0.99867
   0.99959
   0.99925
   0.99932
   0.99967
   0.99990
   0.99980
   0.99995
   0.99882
   0.99977
   0.99988
   0.99924
   0.99998
   0.99914
   0.99968
   0.99971
   0.99924
   0.99983
   0.99971
   0.99993
   0.99968
   0.99954
   0.99991
   0.99956
   0.99942
   0.99817
   0.99952
   0.99982
   0.99976
   0.99969
   0.99919
   0.99979
   0.99998
   0.99961
   0.99827
   0.99858
   0.99950
   0.99998
   0.99906
   0.99955
   0.99999
   0.99973
   0.99958
   0.99961
   0.99965
   0.99971
   0.99971
   0.99969
   0.99979
   0.99958
   0.99974
   0.99980
   0.99995
   0.99949
   0.99962
   0.99957
   0.99851
   0.99952
   0.99817
   0.99977
   0.99973
   0.99885
   0.99925
   0.99993
   0.99960
   0.99959
   0.99987
   0.99942
   0.99956
   0.99891
   0.99771
   0.99940
   0.99979
   0.99929
   0.99823
   0.99975
   0.99982
   0.99919
   0.99990
   0.99974
   0.99996
   0.99953
   0.99954
   0.99982
   0.99951
   0.99942
   0.99987
   0.99935
   0.99963
   0.99989
   0.99992
   0.99976
   0.99906
   1.00000
   0.99976
   0.99971
   0.99962
   0.99952
   0.99840
   0.99962
   0.99922
   0.99983
   0.99996
   0.99742
   0.99976
   0.99901
   0.99936
   0.99910
   0.99983
   1.00000
   0.99974
   0.99832
   0.99975
   0.99978
   0.99912
   0.99895
   0.99893
   0.99841
   0.99991
   0.99935
   0.99978
   0.99978
   0.99981
   0.99982
   0.99986
   0.99976
   0.99947
   0.99976
   0.99974
   0.99981
   0.99971
   0.99747
   0.99970
   0.99996
   0.99984
   0.99985
   0.99941
   0.99991
   0.99975
   0.99962
   0.99944
   0.99957
   0.99977
   0.99876
   0.99941
   0.99918
   0.99972
   0.99965
   1.00000
   0.99998
   0.99992
   0.99998
   0.99958
   0.99995
   0.99959
   0.99931
   0.99958
   0.99967
   0.99920
   0.99967
   0.99998
   0.99917
   0.99925
   0.99991
   0.99998
   0.99924
   0.99950
   0.99956
   0.99945
   0.99997
   0.99910
   0.99993
   0.99998
   0.99946
   0.99889
   0.99979
   0.99931
   1.00000
   0.99993
   0.99992
   0.99959
   0.99994
   0.99912
   0.99987
   0.99936
   1.00000
   0.99945
   0.99961
   0.99807
   0.99970
   0.99957
   0.99985
   0.99984
   0.99990
   0.99853
   0.99816
   0.99802
   0.99998
   0.99993
   0.99960
   0.99968
   0.99883
   0.99995
   0.99968
   0.99998
   0.99872
   0.99956
   0.99795
   0.99993
   0.99884
   0.99925
   0.99932
   0.99989
   0.99984
   0.99882
   0.99722
   0.99974
   0.99990
   0.99993
   0.99983
   0.99913
   0.99921
   0.99992
   0.99867
   0.99981
   0.99968
   0.99977
   0.99977
   0.99974
   0.99946
   0.99908
   0.99911
   0.99933
   0.99989
   0.99779
   0.99985
   0.99921
   0.99906
   0.99966
   0.99984
   0.99905
   0.99916
   0.99991
   1.00000
   0.99970
   0.99957
   0.99902
   0.99993
   0.99987
   0.99976
   1.00000
   0.99880
   0.99935
   0.99900
   0.99939
   0.99997
   0.99845
   0.99946
   0.99957
   0.99992
   0.99952
   0.99972
   0.99942
   0.99968
   0.99991
   0.99967
   0.99952
   0.99770
   0.99991
   0.99998
   0.99983
   0.99989
   0.99999
   0.99975
   0.99918
   0.99966
   0.99992
   0.99849
   0.99984
   0.99971
   0.99910
   0.99912
   0.99967
   0.99927
   0.99984
   0.99949
   0.99948
   0.99972
   0.99996
   0.99923
   0.99982
   0.99978
   0.99916
   0.99959
   0.99974
   0.99844
   0.99882
   0.99996
   0.99887
   0.99983
   0.99904
   0.99886
   0.99944
   0.99963
   0.99758
   0.99993
   0.99999
   0.99970
   0.99946
   0.99984
   0.99981
   0.99928
   0.99941
